solid 
 facet normal  0.000000e+00  0.000000e+00  1.000000e+00
   outer loop
     vertex  7.071068e-04  7.071068e-04  2.000000e-02
     vertex -1.000000e-03  0.000000e+00  2.000000e-02
     vertex -9.961947e-04 -8.715574e-05  2.000000e-02
   endloop
 endfacet
 facet normal  0.000000e+00  0.000000e+00  1.000000e+00
   outer loop
     vertex  7.071068e-04  7.071068e-04  2.000000e-02
     vertex -9.961947e-04 -8.715574e-05  2.000000e-02
     vertex -9.848078e-04 -1.736482e-04  2.000000e-02
   endloop
 endfacet
 facet normal  0.000000e+00  0.000000e+00  1.000000e+00
   outer loop
     vertex  7.071068e-04  7.071068e-04  2.000000e-02
     vertex -9.848078e-04 -1.736482e-04  2.000000e-02
     vertex -9.659258e-04 -2.588190e-04  2.000000e-02
   endloop
 endfacet
 facet normal  0.000000e+00  0.000000e+00  1.000000e+00
   outer loop
     vertex  7.071068e-04  7.071068e-04  2.000000e-02
     vertex -9.659258e-04 -2.588190e-04  2.000000e-02
     vertex -9.396926e-04 -3.420201e-04  2.000000e-02
   endloop
 endfacet
 facet normal  0.000000e+00  0.000000e+00  1.000000e+00
   outer loop
     vertex  7.071068e-04  7.071068e-04  2.000000e-02
     vertex -9.396926e-04 -3.420201e-04  2.000000e-02
     vertex -9.063078e-04 -4.226183e-04  2.000000e-02
   endloop
 endfacet
 facet normal  0.000000e+00  0.000000e+00  1.000000e+00
   outer loop
     vertex  7.071068e-04  7.071068e-04  2.000000e-02
     vertex -9.063078e-04 -4.226183e-04  2.000000e-02
     vertex -8.660254e-04 -5.000000e-04  2.000000e-02
   endloop
 endfacet
 facet normal  0.000000e+00  0.000000e+00  1.000000e+00
   outer loop
     vertex  7.071068e-04  7.071068e-04  2.000000e-02
     vertex -8.660254e-04 -5.000000e-04  2.000000e-02
     vertex -8.191520e-04 -5.735764e-04  2.000000e-02
   endloop
 endfacet
 facet normal  0.000000e+00  0.000000e+00  1.000000e+00
   outer loop
     vertex  7.071068e-04  7.071068e-04  2.000000e-02
     vertex -8.191520e-04 -5.735764e-04  2.000000e-02
     vertex -7.660444e-04 -6.427876e-04  2.000000e-02
   endloop
 endfacet
 facet normal  0.000000e+00  0.000000e+00  1.000000e+00
   outer loop
     vertex  7.071068e-04  7.071068e-04  2.000000e-02
     vertex -7.660444e-04 -6.427876e-04  2.000000e-02
     vertex -7.071068e-04 -7.071068e-04  2.000000e-02
   endloop
 endfacet
 facet normal  0.000000e+00  0.000000e+00  1.000000e+00
   outer loop
     vertex  7.071068e-04  7.071068e-04  2.000000e-02
     vertex -7.071068e-04 -7.071068e-04  2.000000e-02
     vertex -6.427876e-04 -7.660444e-04  2.000000e-02
   endloop
 endfacet
 facet normal  0.000000e+00  0.000000e+00  1.000000e+00
   outer loop
     vertex  7.071068e-04  7.071068e-04  2.000000e-02
     vertex -6.427876e-04 -7.660444e-04  2.000000e-02
     vertex -5.735764e-04 -8.191520e-04  2.000000e-02
   endloop
 endfacet
 facet normal  0.000000e+00  0.000000e+00  1.000000e+00
   outer loop
     vertex  7.071068e-04  7.071068e-04  2.000000e-02
     vertex -5.735764e-04 -8.191520e-04  2.000000e-02
     vertex -5.000000e-04 -8.660254e-04  2.000000e-02
   endloop
 endfacet
 facet normal  0.000000e+00  0.000000e+00  1.000000e+00
   outer loop
     vertex  7.071068e-04  7.071068e-04  2.000000e-02
     vertex -5.000000e-04 -8.660254e-04  2.000000e-02
     vertex -4.226183e-04 -9.063078e-04  2.000000e-02
   endloop
 endfacet
 facet normal  0.000000e+00  0.000000e+00  1.000000e+00
   outer loop
     vertex  7.071068e-04  7.071068e-04  2.000000e-02
     vertex -4.226183e-04 -9.063078e-04  2.000000e-02
     vertex -3.420201e-04 -9.396926e-04  2.000000e-02
   endloop
 endfacet
 facet normal  0.000000e+00  0.000000e+00  1.000000e+00
   outer loop
     vertex  7.071068e-04  7.071068e-04  2.000000e-02
     vertex -3.420201e-04 -9.396926e-04  2.000000e-02
     vertex -2.588190e-04 -9.659258e-04  2.000000e-02
   endloop
 endfacet
 facet normal  0.000000e+00  0.000000e+00  1.000000e+00
   outer loop
     vertex  7.071068e-04  7.071068e-04  2.000000e-02
     vertex -2.588190e-04 -9.659258e-04  2.000000e-02
     vertex -1.736482e-04 -9.848078e-04  2.000000e-02
   endloop
 endfacet
 facet normal  0.000000e+00  0.000000e+00  1.000000e+00
   outer loop
     vertex  7.071068e-04  7.071068e-04  2.000000e-02
     vertex -1.736482e-04 -9.848078e-04  2.000000e-02
     vertex -8.715574e-05 -9.961947e-04  2.000000e-02
   endloop
 endfacet
 facet normal  0.000000e+00  0.000000e+00  1.000000e+00
   outer loop
     vertex  7.071068e-04  7.071068e-04  2.000000e-02
     vertex -8.715574e-05 -9.961947e-04  2.000000e-02
     vertex -1.960054e-18 -1.000000e-03  2.000000e-02
   endloop
 endfacet
 facet normal  0.000000e+00  0.000000e+00  1.000000e+00
   outer loop
     vertex  7.071068e-04  7.071068e-04  2.000000e-02
     vertex -1.960054e-18 -1.000000e-03  2.000000e-02
     vertex  8.715574e-05 -9.961947e-04  2.000000e-02
   endloop
 endfacet
 facet normal  0.000000e+00  0.000000e+00  1.000000e+00
   outer loop
     vertex  7.071068e-04  7.071068e-04  2.000000e-02
     vertex  8.715574e-05 -9.961947e-04  2.000000e-02
     vertex  1.736482e-04 -9.848078e-04  2.000000e-02
   endloop
 endfacet
 facet normal  0.000000e+00  0.000000e+00  1.000000e+00
   outer loop
     vertex  7.071068e-04  7.071068e-04  2.000000e-02
     vertex  1.736482e-04 -9.848078e-04  2.000000e-02
     vertex  2.588190e-04 -9.659258e-04  2.000000e-02
   endloop
 endfacet
 facet normal  0.000000e+00  0.000000e+00  1.000000e+00
   outer loop
     vertex  7.071068e-04  7.071068e-04  2.000000e-02
     vertex  2.588190e-04 -9.659258e-04  2.000000e-02
     vertex  3.420201e-04 -9.396926e-04  2.000000e-02
   endloop
 endfacet
 facet normal  0.000000e+00  0.000000e+00  1.000000e+00
   outer loop
     vertex  7.071068e-04  7.071068e-04  2.000000e-02
     vertex  3.420201e-04 -9.396926e-04  2.000000e-02
     vertex  4.226183e-04 -9.063078e-04  2.000000e-02
   endloop
 endfacet
 facet normal  0.000000e+00  0.000000e+00  1.000000e+00
   outer loop
     vertex  7.071068e-04  7.071068e-04  2.000000e-02
     vertex  4.226183e-04 -9.063078e-04  2.000000e-02
     vertex  5.000000e-04 -8.660254e-04  2.000000e-02
   endloop
 endfacet
 facet normal  0.000000e+00  0.000000e+00  1.000000e+00
   outer loop
     vertex  7.071068e-04  7.071068e-04  2.000000e-02
     vertex  5.000000e-04 -8.660254e-04  2.000000e-02
     vertex  5.735764e-04 -8.191520e-04  2.000000e-02
   endloop
 endfacet
 facet normal  0.000000e+00  0.000000e+00  1.000000e+00
   outer loop
     vertex  7.071068e-04  7.071068e-04  2.000000e-02
     vertex  5.735764e-04 -8.191520e-04  2.000000e-02
     vertex  6.427876e-04 -7.660444e-04  2.000000e-02
   endloop
 endfacet
 facet normal  0.000000e+00  0.000000e+00  1.000000e+00
   outer loop
     vertex  7.071068e-04  7.071068e-04  2.000000e-02
     vertex  6.427876e-04 -7.660444e-04  2.000000e-02
     vertex  7.071068e-04 -7.071068e-04  2.000000e-02
   endloop
 endfacet
 facet normal  0.000000e+00  0.000000e+00  1.000000e+00
   outer loop
     vertex  7.071068e-04  7.071068e-04  2.000000e-02
     vertex  7.071068e-04 -7.071068e-04  2.000000e-02
     vertex  7.660444e-04 -6.427876e-04  2.000000e-02
   endloop
 endfacet
 facet normal  0.000000e+00  0.000000e+00  1.000000e+00
   outer loop
     vertex  7.071068e-04  7.071068e-04  2.000000e-02
     vertex  7.660444e-04 -6.427876e-04  2.000000e-02
     vertex  8.191520e-04 -5.735764e-04  2.000000e-02
   endloop
 endfacet
 facet normal  0.000000e+00  0.000000e+00  1.000000e+00
   outer loop
     vertex  7.071068e-04  7.071068e-04  2.000000e-02
     vertex  8.191520e-04 -5.735764e-04  2.000000e-02
     vertex  8.660254e-04 -5.000000e-04  2.000000e-02
   endloop
 endfacet
 facet normal  0.000000e+00  0.000000e+00  1.000000e+00
   outer loop
     vertex  7.071068e-04  7.071068e-04  2.000000e-02
     vertex  8.660254e-04 -5.000000e-04  2.000000e-02
     vertex  9.063078e-04 -4.226183e-04  2.000000e-02
   endloop
 endfacet
 facet normal  0.000000e+00  0.000000e+00  1.000000e+00
   outer loop
     vertex  7.071068e-04  7.071068e-04  2.000000e-02
     vertex  9.063078e-04 -4.226183e-04  2.000000e-02
     vertex  9.396926e-04 -3.420201e-04  2.000000e-02
   endloop
 endfacet
 facet normal  0.000000e+00  0.000000e+00  1.000000e+00
   outer loop
     vertex  7.071068e-04  7.071068e-04  2.000000e-02
     vertex  9.396926e-04 -3.420201e-04  2.000000e-02
     vertex  9.659258e-04 -2.588190e-04  2.000000e-02
   endloop
 endfacet
 facet normal  0.000000e+00  0.000000e+00  1.000000e+00
   outer loop
     vertex  7.071068e-04  7.071068e-04  2.000000e-02
     vertex  9.659258e-04 -2.588190e-04  2.000000e-02
     vertex  9.848078e-04 -1.736482e-04  2.000000e-02
   endloop
 endfacet
 facet normal  0.000000e+00  0.000000e+00  1.000000e+00
   outer loop
     vertex  7.071068e-04  7.071068e-04  2.000000e-02
     vertex  9.848078e-04 -1.736482e-04  2.000000e-02
     vertex  9.961947e-04 -8.715574e-05  2.000000e-02
   endloop
 endfacet
 facet normal  0.000000e+00  0.000000e+00  1.000000e+00
   outer loop
     vertex  7.071068e-04  7.071068e-04  2.000000e-02
     vertex  9.961947e-04 -8.715574e-05  2.000000e-02
     vertex  1.000000e-03  1.224647e-19  2.000000e-02
   endloop
 endfacet
 facet normal  0.000000e+00  0.000000e+00  1.000000e+00
   outer loop
     vertex  7.071068e-04  7.071068e-04  2.000000e-02
     vertex  1.000000e-03  1.224647e-19  2.000000e-02
     vertex  9.961947e-04  8.715574e-05  2.000000e-02
   endloop
 endfacet
 facet normal  0.000000e+00  0.000000e+00  1.000000e+00
   outer loop
     vertex  7.071068e-04  7.071068e-04  2.000000e-02
     vertex  9.961947e-04  8.715574e-05  2.000000e-02
     vertex  9.848078e-04  1.736482e-04  2.000000e-02
   endloop
 endfacet
 facet normal  0.000000e+00  0.000000e+00  1.000000e+00
   outer loop
     vertex  7.071068e-04  7.071068e-04  2.000000e-02
     vertex  9.848078e-04  1.736482e-04  2.000000e-02
     vertex  9.659258e-04  2.588190e-04  2.000000e-02
   endloop
 endfacet
 facet normal  0.000000e+00  0.000000e+00  1.000000e+00
   outer loop
     vertex  7.071068e-04  7.071068e-04  2.000000e-02
     vertex  9.659258e-04  2.588190e-04  2.000000e-02
     vertex  9.396926e-04  3.420201e-04  2.000000e-02
   endloop
 endfacet
 facet normal  0.000000e+00  0.000000e+00  1.000000e+00
   outer loop
     vertex  7.071068e-04  7.071068e-04  2.000000e-02
     vertex  9.396926e-04  3.420201e-04  2.000000e-02
     vertex  9.063078e-04  4.226183e-04  2.000000e-02
   endloop
 endfacet
 facet normal  0.000000e+00  0.000000e+00  1.000000e+00
   outer loop
     vertex  7.071068e-04  7.071068e-04  2.000000e-02
     vertex  9.063078e-04  4.226183e-04  2.000000e-02
     vertex  8.660254e-04  5.000000e-04  2.000000e-02
   endloop
 endfacet
 facet normal  0.000000e+00  0.000000e+00  1.000000e+00
   outer loop
     vertex  7.071068e-04  7.071068e-04  2.000000e-02
     vertex  8.660254e-04  5.000000e-04  2.000000e-02
     vertex  8.191520e-04  5.735764e-04  2.000000e-02
   endloop
 endfacet
 facet normal  0.000000e+00  0.000000e+00  1.000000e+00
   outer loop
     vertex  7.071068e-04  7.071068e-04  2.000000e-02
     vertex  8.191520e-04  5.735764e-04  2.000000e-02
     vertex  7.660444e-04  6.427876e-04  2.000000e-02
   endloop
 endfacet
 facet normal  0.000000e+00  0.000000e+00  1.000000e+00
   outer loop
     vertex  7.071068e-04  7.071068e-04  2.000000e-02
     vertex  6.427876e-04  7.660444e-04  2.000000e-02
     vertex  5.735764e-04  8.191520e-04  2.000000e-02
   endloop
 endfacet
 facet normal  0.000000e+00  0.000000e+00  1.000000e+00
   outer loop
     vertex  7.071068e-04  7.071068e-04  2.000000e-02
     vertex  5.735764e-04  8.191520e-04  2.000000e-02
     vertex  5.000000e-04  8.660254e-04  2.000000e-02
   endloop
 endfacet
 facet normal  0.000000e+00  0.000000e+00  1.000000e+00
   outer loop
     vertex  7.071068e-04  7.071068e-04  2.000000e-02
     vertex  5.000000e-04  8.660254e-04  2.000000e-02
     vertex  4.226183e-04  9.063078e-04  2.000000e-02
   endloop
 endfacet
 facet normal  0.000000e+00  0.000000e+00  1.000000e+00
   outer loop
     vertex  7.071068e-04  7.071068e-04  2.000000e-02
     vertex  4.226183e-04  9.063078e-04  2.000000e-02
     vertex  3.420201e-04  9.396926e-04  2.000000e-02
   endloop
 endfacet
 facet normal  0.000000e+00  0.000000e+00  1.000000e+00
   outer loop
     vertex  7.071068e-04  7.071068e-04  2.000000e-02
     vertex  3.420201e-04  9.396926e-04  2.000000e-02
     vertex  2.588190e-04  9.659258e-04  2.000000e-02
   endloop
 endfacet
 facet normal  0.000000e+00  0.000000e+00  1.000000e+00
   outer loop
     vertex  7.071068e-04  7.071068e-04  2.000000e-02
     vertex  2.588190e-04  9.659258e-04  2.000000e-02
     vertex  1.736482e-04  9.848078e-04  2.000000e-02
   endloop
 endfacet
 facet normal  0.000000e+00  0.000000e+00  1.000000e+00
   outer loop
     vertex  7.071068e-04  7.071068e-04  2.000000e-02
     vertex  1.736482e-04  9.848078e-04  2.000000e-02
     vertex  8.715574e-05  9.961947e-04  2.000000e-02
   endloop
 endfacet
 facet normal  0.000000e+00  0.000000e+00  1.000000e+00
   outer loop
     vertex  7.071068e-04  7.071068e-04  2.000000e-02
     vertex  8.715574e-05  9.961947e-04  2.000000e-02
     vertex  7.273662e-19  1.000000e-03  2.000000e-02
   endloop
 endfacet
 facet normal  0.000000e+00  0.000000e+00  1.000000e+00
   outer loop
     vertex  7.071068e-04  7.071068e-04  2.000000e-02
     vertex  7.273662e-19  1.000000e-03  2.000000e-02
     vertex -8.715574e-05  9.961947e-04  2.000000e-02
   endloop
 endfacet
 facet normal  0.000000e+00  0.000000e+00  1.000000e+00
   outer loop
     vertex  7.071068e-04  7.071068e-04  2.000000e-02
     vertex -8.715574e-05  9.961947e-04  2.000000e-02
     vertex -1.736482e-04  9.848078e-04  2.000000e-02
   endloop
 endfacet
 facet normal  0.000000e+00  0.000000e+00  1.000000e+00
   outer loop
     vertex  7.071068e-04  7.071068e-04  2.000000e-02
     vertex -1.736482e-04  9.848078e-04  2.000000e-02
     vertex -2.588190e-04  9.659258e-04  2.000000e-02
   endloop
 endfacet
 facet normal  0.000000e+00  0.000000e+00  1.000000e+00
   outer loop
     vertex  7.071068e-04  7.071068e-04  2.000000e-02
     vertex -2.588190e-04  9.659258e-04  2.000000e-02
     vertex -3.420201e-04  9.396926e-04  2.000000e-02
   endloop
 endfacet
 facet normal  0.000000e+00  0.000000e+00  1.000000e+00
   outer loop
     vertex  7.071068e-04  7.071068e-04  2.000000e-02
     vertex -3.420201e-04  9.396926e-04  2.000000e-02
     vertex -4.226183e-04  9.063078e-04  2.000000e-02
   endloop
 endfacet
 facet normal  0.000000e+00  0.000000e+00  1.000000e+00
   outer loop
     vertex  7.071068e-04  7.071068e-04  2.000000e-02
     vertex -4.226183e-04  9.063078e-04  2.000000e-02
     vertex -5.000000e-04  8.660254e-04  2.000000e-02
   endloop
 endfacet
 facet normal  0.000000e+00  0.000000e+00  1.000000e+00
   outer loop
     vertex  7.071068e-04  7.071068e-04  2.000000e-02
     vertex -5.000000e-04  8.660254e-04  2.000000e-02
     vertex -5.735764e-04  8.191520e-04  2.000000e-02
   endloop
 endfacet
 facet normal  0.000000e+00  0.000000e+00  1.000000e+00
   outer loop
     vertex  7.071068e-04  7.071068e-04  2.000000e-02
     vertex -5.735764e-04  8.191520e-04  2.000000e-02
     vertex -6.427876e-04  7.660444e-04  2.000000e-02
   endloop
 endfacet
 facet normal  0.000000e+00  0.000000e+00  1.000000e+00
   outer loop
     vertex  7.071068e-04  7.071068e-04  2.000000e-02
     vertex -6.427876e-04  7.660444e-04  2.000000e-02
     vertex -7.071068e-04  7.071068e-04  2.000000e-02
   endloop
 endfacet
 facet normal  0.000000e+00  0.000000e+00  1.000000e+00
   outer loop
     vertex  7.071068e-04  7.071068e-04  2.000000e-02
     vertex -7.071068e-04  7.071068e-04  2.000000e-02
     vertex -7.660444e-04  6.427876e-04  2.000000e-02
   endloop
 endfacet
 facet normal  0.000000e+00  0.000000e+00  1.000000e+00
   outer loop
     vertex  7.071068e-04  7.071068e-04  2.000000e-02
     vertex -7.660444e-04  6.427876e-04  2.000000e-02
     vertex -8.191520e-04  5.735764e-04  2.000000e-02
   endloop
 endfacet
 facet normal  0.000000e+00  0.000000e+00  1.000000e+00
   outer loop
     vertex  7.071068e-04  7.071068e-04  2.000000e-02
     vertex -8.191520e-04  5.735764e-04  2.000000e-02
     vertex -8.660254e-04  5.000000e-04  2.000000e-02
   endloop
 endfacet
 facet normal  0.000000e+00  0.000000e+00  1.000000e+00
   outer loop
     vertex  7.071068e-04  7.071068e-04  2.000000e-02
     vertex -8.660254e-04  5.000000e-04  2.000000e-02
     vertex -9.063078e-04  4.226183e-04  2.000000e-02
   endloop
 endfacet
 facet normal  0.000000e+00  0.000000e+00  1.000000e+00
   outer loop
     vertex  7.071068e-04  7.071068e-04  2.000000e-02
     vertex -9.063078e-04  4.226183e-04  2.000000e-02
     vertex -9.396926e-04  3.420201e-04  2.000000e-02
   endloop
 endfacet
 facet normal  0.000000e+00  0.000000e+00  1.000000e+00
   outer loop
     vertex  7.071068e-04  7.071068e-04  2.000000e-02
     vertex -9.396926e-04  3.420201e-04  2.000000e-02
     vertex -9.659258e-04  2.588190e-04  2.000000e-02
   endloop
 endfacet
 facet normal  0.000000e+00  0.000000e+00  1.000000e+00
   outer loop
     vertex  7.071068e-04  7.071068e-04  2.000000e-02
     vertex -9.659258e-04  2.588190e-04  2.000000e-02
     vertex -9.848078e-04  1.736482e-04  2.000000e-02
   endloop
 endfacet
 facet normal  0.000000e+00  0.000000e+00  1.000000e+00
   outer loop
     vertex  7.071068e-04  7.071068e-04  2.000000e-02
     vertex -9.848078e-04  1.736482e-04  2.000000e-02
     vertex -9.961947e-04  8.715574e-05  2.000000e-02
   endloop
 endfacet
 facet normal  0.000000e+00  0.000000e+00  1.000000e+00
   outer loop
     vertex  7.071068e-04  7.071068e-04  2.000000e-02
     vertex -9.961947e-04  8.715574e-05  2.000000e-02
     vertex -1.000000e-03  0.000000e+00  2.000000e-02
   endloop
 endfacet
endsolid
